$
a
159:18,44,106,123,155,248,262,365,384,496,506,530,540
71:17,183,233,258,352,361,384,411,420
185:18,32,66,110,114,147,202,225,250,273,311,329,381,399,457,483,509,549,615,645,685,725,755,824,842,900,989,993,1008,1038,1078,1154,1201,1448,1553,1602,1620,1650,1764,1997,2032,2060,2124,2146,2159,2201,2256,2267,2325,2409,2423,2453,2481,2534,2545,2560,2577,2585,2621,2750,2864,2924,2947,3018,3120,3186,3193,3278,3310,3429,3456,3494,3544,3556,3625,3627,3628,3630,3792,3889,3908,3977,4045,4072,4081,4156,4196,4225,4291,4326,4327,4361,4362,4416,4533,4600
68:20,49,64,67,70,90,100,106,115,132,174,184,199,246,278,280,282,286,308,310,325,343,352,366,369,372,386,400,413,482,489,506,527,535,616,631,703,799,853,868,932,956,966,1028,1062
160:17,79,95,206,288,302,366
72:17,50,95,125,139,231,256,350,359,382,409,418
77:18,107,138,191,251,261,356,461,511,517,541,551,594,620
184:18,122,126,159,214,235,238,263,286,325,343,395,413,471,497,523,563,631,661,702,742,772,844,862,912,922,999,1013,1017,1032,1062,1102,1178,1225,1472,1507,1622,1682,1705,1777,1880,1947,1954,2040,2072,2191,2218,2256,2307,2319,2389,2391,2392,2394,2557,2656,2675,2715,2746,2814,2841,2850,2926,2966,2995,3029,3062,3098,3099,3134,3135,3191,3310,3316,3378,3577,3588,3617
36:18,121,201,240,244,257,259,306,375,383,467,572,627,651,661,704,730
131:17,78,153,200,208,228,255,281,306,352
32:18,51,69,79,88,93,94,133,138,151,171,184,191,192,266,298,377
14:19,45,83
54:19,53,124,132,220,236,275,291,300,331,456
130:17,109,131,201,210,240,252,274,288,320
175:19,44,57,66,68,84,86,88,109,127,135,139,146,190,239,244,301,306,351,362,367,414,484,542,568,573,607
186:17,42,122,246,268,299,402,420
158:19,58,121,139,171,221,254,279
162:18,44,65,98,123,182,214,223,298,326,357,466,495,519,532,618,650,658,682,692,746,770,787,797,808,818,841
143:17,93,100,109,116,151,221,247,275,306,421,439,480,493,529,549,570,576,652,688,699,723,733,793,817,834,844,854,864,887
69:18,96,116,136,151,202,220,229,271,376,426,432,456,466,509,535
16:17,41,53,106,116,185,227,247,333,354,395,433,468,551,563,590
4:18,120,147,205,221,303,408,458,464,487,497,540,566
166:17,60,85,97,107,166,217,286,328,334,352,364,386,433,450,475,588,680,703,784,805,889,1093,1131,1256,1554,1579,1619,1624,1724,1732,1976,2319,2407,3595,3639,3670,4128,4443,4455,4469,4506,4719,4730,4995,5201,5329,5381,5581,5660,5700,5923,6036,6075,6121,6230,6389,6509,6598,6683,6702,6846,6859,7000,7041,7096,7120,7122,7144,7188,7244,7353,7395,7488,7531,7595,7855,7864,8022,8110,8173,8176,8205,8229,8301,8465,8527,8590,8725,8736,8759,8830,9380,9424,9492,9514,9520,9542,9555,9568,9571,9584,9592,9605,9616,9623,9632,9684,9704,9735,9747,9780,9804,9824,9835,9837,9843,9851,9854,9880
150:17,47,50,80,86,124,132,139,156,168,203,225,238,258,275,291,293,306,312,325,329,359,361,368,381,388,411,430,454,473,524,537,554,591
168:17,60,72,157,161,184,246
197:17,63,67,69,127,148,186,238,260,275,307,321
67:17,78,96,131,205,214,309,322,404,416,457,495,507,527,544,592,636,647,660
29:18,87,102,118,124,146,184,198,255,265,321,364,435
142:17,76,83,98,144,184,194,268,313,398,427
164:17,47,70,88,204,219,280,305,317,331,365,438,475,494,536,710,731,740,780,801,831,848,854,862,878,884,899,907,931,939,947,953,962,1005,1012,1028,1046,1058,1109,1122,1148,1215,1223,1287,1489,1512,1531,1534,1535,1587,1595,1625,1645,1676,1690,1721,1729,1748,1843,1854,1884,1898,2014,2050,2099,2115,2138,2241,2263
13:17,218,261,273,286,315,335,345,439,448,470
46:17,85,99,118,136,160,198,231,276,361,390
144:17,55,158,310,337,368,461,490,513,526,647,655,679,689,743,767,784,794,801,833
199:19,47,66,76,123,138,195,224,228,263,278,308,327,348,391,400,418,447,458,484,497,538,542,559,568,587,608,651,660,678,707,718,744,757,798,802,819,828
43:17,90,113,197,243,265,280,312,326
9:18,196,205,243,273,295,310,342,356
191:17,100,109,130,149,171,183,290,302
58:17,101,173,184,230,257,283,308,354
27:17,77,89,104,113,136,221,224,268,290,305,337,351
5:19,82,92
187:19,242,285,310,376,461,496
179:18,71,91,103,128,132,180,223,252,262,298,316,369,379,421,449,495,578,664,671,689,692,742,778,805,809,836,989,1001,1087,1126,1155,1189,1232,1268,1269,1304,1305,1423,1464,1568,1692,1710,1759,1769,1910,1942,1966,2137,2140,2147,2150,2213,2289,2395,2407,2518,2577,2600,2672,2762,3007,3040,3104,3117,3191,3200,3246,3268,3323,3453,3469,3477,3524,3534,3542,3576,3608,3743,3756,3815,3817,3820,3828,3831,3851,3855,3856,3879,4052,4143,4146,4171,4179,4186,4258,4297,4326,4360,4394,4430,4431,4466,4467,4534,4540,4602,4801,4812,4841,5241
61:18,57,59,94,107,117,128,157,169,247,261,325
75:17,196,245,270,364,373,396,423,432
49:19,101,240,304,364,388,398
73:18,91,92,196,204,246,268,283,315,329
63:18,100,147
74:18,110,127,138,170,175,181,239,282,290,332,354,369,401,415
1:18,40,135,271,286,345,375,389,429
155:18,43,44,156
23:19,44,48,135,174,298
6:18,71,76,103,158,169,187,188,238,315,330,355,371,400,418,441,454,462,481,532,541,637,742,797,821,831,874,900
48:17,101,237,282,371,389,428,463,473,494
169:17,52,61,64,87,154,157,165,183,202,216,223,228,240,249,252,269,291,323,345,361,383,403,423,447,478,496,525,547,564,586,593,598,622
178:18,101,113,138,142,190,233,262,272,308,326,379,389,431,459,505,588,674,681,699,702,752,788,815,819,846,999,1011,1097,1136,1165,1199,1242,1278,1279,1314,1315,1433,1474,1578,1702,1720,1769,1779,1920,1952,1976,2147,2150,2157,2160,2223,2299,2405,2417,2528,2587,2610,2682,2772,3017,3050,3114,3127,3201,3210,3256,3278,3333,3463,3479,3487,3534,3544,3552,3586,3618,3753,3766,3825,3827,3830,3838,3841,3861,3865,3866,3889,4062,4153,4156,4181,4189,4196,4268,4307,4336,4370,4404,4440,4441,4476,4477,4544,4550,4612,4811,4822,4851,5251
140:19,54,61,63,67,74,96,112,118,137,169,195,212,227,242,267,299
190:17,51,74,89,95,106,135,147,165,181,199,217,227,234,245,247,303,311,330,348,402,412,444,453,455,482,488,501,529,600,627,677,689,716,738,772,775,799,818
172:17,55,100,115,122,148,187,213,228,238,259,284,293,297,310,317,330,337,351,388,445,458,499
165:17,74,83,128,142,225,226,281,299,318,354,363,370,432
51:18,50,62,68,126,129,155,194,210,213,222,237,353,371,430,442,521,546,675,688,741,752
24:17,102,130,169,310,325,357,371
7:18,45,60
174:17,43,55,94,133,169,383,414,431
57:19,44,48,141,173,179,183,212,219,241,275,365
134:17,60,66,76,86,98,112,114,118,126,155,165,207,255,264,267,278,309,320,322,425,428,450,485,513,555,579,602,657,660,670,735,775,782,810,819,888,908,933,979,1008,1019,1039,1056,1078,1117,1145,1148,1336,1351,1368,1381,1386,1439,1508,1527,1622,1645,1674,1745,1774,1835,1842,1874,1889,1926,1949,1978,1999,2088,2094,2107,2128,2208,2218,2225,2245,2262,2285,2293,2327,2338,2350,2370,2377,2386,2438,2458,2489,2501,2534,2565,2572,2580,2583,2606
8:17,44,68,75,89,157,179,192,224,229,240,244,376,394,404,415,424,442,497,521,551,563,572,583,604,606,636,654,665
39:17,41,93,100,178,199,230,275,363,381,420,455,465,486
157:19,54,65,75,97,103,110,123,180,189,211,236
11:18,136,162,274,282,324,346,361,393,407
167:17,97,117,126,159,163,167,174,182,231,259,275,280,285,292,301,329,360,469,482,506,519,608,641,649,673,683,737,754,786
171:17,38,152,192,235,259,264,545,566,644,647,682,701,711,725,736,786,792,818
139:18,52,57,62,93,104,109,132,163,188
141:20,101,111,117,165,254,268,371,386,458,507,555,609,625,685,691,715,725,788,822
182:17,42,48,107,181,215,253,260,290,321,326,331,339,368,392,452,481,492,521,548,621,627,713,732,767
132:18,50,62,75,115,177,185,200,219,263,287,307,322,347,367,382,427,442,512,535,555,583,593,651,682,698,710,739
33:17,146,170,292
50:17,40,69,81,93,107,143,161,180,200,244,329,358
161:18,100,104,142,176,218,272,275,333
163:17,38,47,54,63,88,91,144,168,181,183,197,242,283
42:17,62,84,128,181,241,264,281
193:17,60
17:17,55,82,109,164,229,235
200:18,61,64,132,158,161,166,173,240
28:18,115,138,160,173,208,229,268,278,371,438,446,452,465,491,534
35:17,36,123
64:18,48,76,153,163,189,235,290,299,341,446,496,502,526,536,579,605
151:18,59,74,79,93,99,108,193,241,256,413
12:18,164,174,189,273,306,314,356,378,393,425,439
76:17,73,88,104,118,147,246,266
20:17,69,77,121,151,180,188,197,216,218,223,236,250,252,259,272,278,285,317,369,383,385,392,427,441,505
19:18,115
26:18,73,102,164,190,209,240,293
70:17,93,105,135,151,156,179,209,219,229,245,247,271,286,308,331,335,342,355,364,382,401,409,410,462,500,537,562,656,665,688,715,724
65:18,177,243,348,398,404,428,438,481,507
194:17,76,209,282,296,359
183:19,46,121,125,158,213,234,237,262,285,324,342,394,412,470,496,522,562,630,660,701,741,771,843,861,911,921,998,1012,1016,1031,1061,1101,1177,1224,1471,1506,1621,1681,1704,1776,1879,1946,1953,2039,2071,2190,2217,2255,2306,2318,2388,2390,2391,2393,2556,2655,2674,2714,2745,2813,2840,2849,2925,2965,2994,3028,3061,3097,3098,3133,3134,3190,3309,3315,3377,3576,3587,3616
152:20,78,142
192:20,49,50,86,96,102,113,114,115,134,135,152,153,170,215,265,308,322,390,405,477,526,574,628,644,704,710,734,744,807,841
170:17,42,58,100,107,140,159,281,303,334
147:17,109,125,229,248
47:17,85,94,108,120,135,154,170,172,191,199,214,221,222,227
195:17,62,194,227,298,370,414,422,478,504,516,541,558,585,594,629,652,683,709
38:18,59,73,86,173,186,258,268,354,439,470,519,572,598,612,671,691,716,732,738,757,768,772,793,808,830,833
129:17,96,121,132,140,166,275,307,327,400,422,437,469,483
189:17,43,44,84,101,109,117,131,135,149,222,238,243,246,255,257,280,311,325,335,342,365,371,398,423,432,443,444,446,502,547,566,587,617,620,636,665,671,686,688,704,722,747,762,787,795,799,823,825,844,897,899,919,937,945,962,974,990,996,1007,1014,1041,1066,1075,1104,1126,1152,1180,1192,1197,1216,1223,1287,1306,1331,1368,1377,1419,1428,1453,1491,1500,1551,1563,1583,1592,1628,1648,1657,1682,1714,1734,1743,1776,1788,1808,1817,1841,1872,1875,1911,1914,1935,1939,1966,1969,1995,1998,2012,2033,2036,2056,2082,2085,2106,2110,2145,2148,2168,2211,2232,2241,2248,2293,2331,2381,2445,2490,2526,2576,2624,2669,2670,2676,2688,2743,2746,2775,2800,2877,2941,2960,2990,3069,3078,3096,3133,3142,3184,3193,3218,3256,3265,3316,3328,3348,3357,3393,3413,3422,3447,3479,3499,3508,3541,3553,3573,3582
59:19,47,110,186,220,334,375,437,464,506,513,537,547
153:17,92,122,196,278,292,354
30:18,109,144,185,188,198,225,249,262,277,336,344,360,369,400,443,465,480,512,526
45:18,67,121
173:19,70,146,218,290,363,435,531,556
10:18,172,222,327,377,383,407,417,460,486
56:17,44,55,74,80,116,149,164,238,272,328,369,376,389,411,440,507,528,540,583,607,659,665,678,704,784,816,841,860,882,919,1002,1051,1084,1091,1156,1195,1220,1244,1290,1372,1429,1441,1577,1593,1628,1674,1720
25:18,67
156:17,40,56,75,88,134,200,210,287,333,338,341
52:18,98,107,123,136,214,316,421,471,477,500,510,553,579,609,714,764,770,793,803,846,872
133:17,56,94,95,114,136,151,172,194,280,310,333
2:17,41,100,188,213,227,228,266,301,394,421
40:17,59,76,97,123,158,209,292,314,329,361,375
66:18,81,116,127,152,198,252,321,426,476,482,505,515,558,584
31:18,98,121,136,164,201,205,217,230,331,339,423,528,577,583,607,617,660,686
154:17,79,83,93,106,108,115,126,130,138,149,153,171,185,198,202,208,239,262,330,332,356
60:17,78,84,176,184,223,250,276,301,347
62:18,88,90,96,119,121,140,167,192,202,223,225,244,269,284,305,318,336,363,379,440,455,505,520,559,646,671,804,817,885,896
37:18,37,62,91,113,129,136,151,177,228,257,281,316,366,430,455,464,497,520,545,585,588,615,678,703,707,799,931,1057,1065,1075,1089,1119,1133,1137,1142,1148,1155,1163,1184,1195,1221,1274,1376,1424,1435,1454,1464,1486,1544,1558,1618,1809,1835
55:18,53,191,226,259,344,369,417,423,435,488,491,509,531,549,591,611
15:17,106,108,136,174,250,303,327,372,501,519,558,589,599,644,668,684,694,706,716
53:18,78,91,110,124,147,181,219,247,262,317,337,349,388,430,452,476,492,498,524,547,563,583,599
18:18,96,104,168,235,281,325,396
149:19,181,206,243,381,422,626,636,732,749,785,820,935,985,1000,1033
180:18,46,53,135,168,176,222,225,261,271,282,309,312,320,375,396,428,440,474,502,513,521,532
181:19,56,57,71,117,135,141
44:19,33,43,44,55,56,65
3:17,41,49,139,168,179,206,210,226,234,255,275,332,348,385,399,416,456,491,574,586,613
34:17,101,124,133,166,198,243,279,368,381,417,437,458,464,510,534,544,590,614,631,641,654,688
136:19,54,57,59,63,109,132,264,328,388,412,422
188:17,65,82,202,211,306,319,401,413,454,492,504,524,541,589,633,644,657
21:17,101,205
148:17,51,57,101,119,126,167,170,176,241
$
ako
159:75,487,519
71:63,243
185:122,370,863,1566,1707,1828,1834,2317,2539,3010,3362,3514,3640,3723,3877,4179,4493,4910,5149
68:525,695,945
72:241
77:344,530
184:134,384,883,1769,2124,2277,2404,2487,2644,2949,3270,3691,3933
36:90,456,640
131:293
130:69,262
175:256,267,318,329,386,397,405,445,456,510,521,668
186:256,291
158:131,335
162:308,349,671
143:257,298,712
69:259,445
16:95,443
4:291,476
166:163,198,268,9361,9595,9664,9711,9750,9861,9899
197:248
67:263
142:278,305
164:82,141,205,233,452,457,572,604,1013,1112,1476
13:325
46:241,268
144:320,360,668
199:380,425,461,551,640,685,721,811
43:67,253
9:283
191:110,141
58:295
27:278
187:298,478
179:186,705,762,1109,1543,1730,1892,2000,2063,2664,3063,3460,3551,3944,4011,4125,4280,4915,5158,5260,5328
75:64,255
49:250,377
73:256
74:342
23:158,256
6:281,626,810
48:247,274,484
169:126,343,381,527
178:196,715,772,1119,1553,1740,1902,2010,2073,2674,3073,3470,3561,3954,4021,4135,4290,4925,5168,5270,5338
140:347
190:259,641,692,786
165:373
51:83,517,618,776
24:72,298
57:251
134:176,477,1141,1181,1189,1226,1238,1354,1402,2418,2465,2504,2588
8:399,477,528,566,681
39:240,267,476
157:289
11:107,334
167:289,311,352,662
171:384,430,876
139:210
141:450,704
132:482,527,572
33:149,315
50:178,210,236
161:165
42:58,85,104
28:72,483
64:329,515
12:80,366
20:106
19:165
70:525,547
65:231,417
183:133,383,882,1768,2123,2276,2403,2486,2643,2948,3269,3690,3932
192:469,723
170:291,326
195:98,451,484,519,730
38:198,797,805
129:245,410
189:343,385,666,709,756,1028,1167,1348,1374,1379,1425,1430,1455,1497,1502,1526,1589,1594,1654,1659,1684,1740,1745,1814,1819,2542,2803,2851,2922,2967,3004,3083,3113,3139,3144,3190,3195,3220,3262,3267,3291,3354,3359,3419,3424,3449,3505,3510,3579,3584
59:93,289,326,526
153:55
30:453
45:155
10:210,396
56:394,420,482,888,1079,1199,1274,1651,1688,1717,1727
156:424
52:304,489,597,782
133:97
2:276
40:302
66:309,494
31:91,411,596
60:71,288
62:570,642,743,876
37:458,475,1072,1085,1560,1631,1657,1876
15:162,337,364,578
53:210,232,551,560
149:424,518,802
180:355,404,443,519,535
181:62
3:108,466
34:523
136:274,401
188:260
21:188
148:224
$
almera
159:83
$
aby
159:117,129
71:426
185:88,651,893,2046,2051,2055,2303,2478,2596,3230,3381,3482,3498,4725,5097
68:1068
72:424
184:100,667,915,1991,2143,2244,2260,3503,3879
162:847
143:893
16:595
166:183,9636
67:610
164:150,209,378,404,1365,1856,2088,2100,2149
144:144,839
199:352,612
187:408,540
179:107,434,1762,3125,4726,5103
75:438
6:284
48:103
178:117,444,1772,3135,4736,5113
190:273,457,540
172:105,191
24:113
57:134,186
134:330,1533,2390
8:446
167:792
171:157,176
141:828
182:277,314
132:803
161:134
42:255
20:126
70:72,195,279,730
183:99,666,914,1990,2142,2243,2259,3502,3878
192:847
195:425
38:189
129:110
189:352,968,1568,1633,1719,1793,2895,3333,3398,3484,3558
56:556,598,608,698,1229,1452,1566,1578
2:426
37:810,1248,1665
15:743
149:354,610,721,733,864
180:325
3:122,618
34:111,694
188:607
$
alkoholu
159:136
160:104
36:417
32:76
130:134
162:134
69:70
16:132
4:108,129,144,161
67:103,117,135
29:80,90
144:104,142,152,167,174
27:119,134,154
49:112
74:134
48:110,119
190:130
172:74,169
165:99
51:167,178
24:121
174:152
39:111
11:152,172
141:170
28:76,181,237
12:180,186
20:64
170:82,137,163
147:75,85,95,215
47:89
189:553
59:130
153:119,135
52:117
53:582
180:78
136:141
$
alcoquant
159:138
160:92
130:127
162:119
4:116
67:127
144:156
27:129,149
74:116
24:133
11:158
28:195
12:170
170:129
52:121
15:121
136:128
$
alebo
159:189,198,201,326,335,338
185:133,361,471,714,748,869,941,968,1055,1075,1087,1113,1210,1458,1726,2219,2734,2795,2821,2858,2883,2904,2976,2989,3002,3080,3355,3553,3651,3684,3850,3955,4024,4026,4039,4093,4106,4132,4228,4238,4242,4253,4276,4299,4375,4413,4423,4455,4548,4560,4564,4585,4617,4652,4665,4669,4677,4684,4743,4772,4790,4828,4898,4908,4913,4915,4921,4949,4959,4963,5030,5039,5110,5203
68:478,540,568,649,674,825,1018
160:127,130,255,258
184:145,375,485,731,765,889,963,990,1079,1099,1111,1137,1234,1482,1491,1552,1578,1616,1641,1662,1735,1748,1761,1839,2117,2316,2415,2448,2617,2724,2793,2795,2808,2862,2875,2902,2998,3008,3012,3023,3047,3071,3148,3188,3198,3232,3326,3338,3342,3363,3395,3430,3443,3447,3455,3462,3521,3550,3568,3608,3679,3689,3694,3696,3702,3730,3740,3744,3812,3821,3892,3987
131:265
32:363
130:161,164,344
175:666
158:333
162:161,164,283,286,565,788
143:177,181,522,596,835
16:280,283
4:184,187
150:628
168:216
197:332
67:158,161,498,516,634
164:516,1173,1204,1344,1380,2169,2220,2228,2253
13:332
144:196,199,561,785
43:337
9:367
58:267
27:176,179,362
187:245,454,502,514,529
179:516,768,829,859,870,890,905,923,944,968,993,1013,1026,1053,1158,1168,1172,1183,1207,1241,1318,1400,1420,1432,1461,1471,1505,1578,1583,1600,1617,1736,1809,1836,1859,1964,2002,2250,2344,2378,2451,2475,2512,2537,2558,2630,2643,2656,2771,3017,3024,3069,3275,3296,3494,3649,3660,3753,3905,4017,4136,4198,4211,4238,4329,4339,4343,4354,4378,4403,4480,4550,4562,4566,4587,4619,4654,4667,4671,4679,4686,4744,4774,4792,4832,4903,4913,4918,4920,4926,4954,4964,4968,5036,5045,5117,5212,5242
49:128,137,140
73:340
63:127
74:212,215,426
1:46,292
155:180
48:141,144
169:355,393,552
178:526,778,839,869,880,900,915,933,954,978,1003,1023,1036,1063,1168,1178,1182,1193,1217,1251,1328,1410,1430,1442,1471,1481,1515,1588,1593,1610,1627,1746,1819,1846,1869,1974,2012,2260,2354,2388,2461,2485,2522,2547,2568,2640,2653,2666,2781,3027,3034,3079,3285,3306,3504,3659,3670,3763,3915,4027,4146,4208,4221,4248,4339,4349,4353,4364,4388,4413,4490,4560,4572,4576,4597,4629,4664,4677,4681,4689,4696,4754,4784,4802,4842,4913,4923,4928,4930,4936,4964,4974,4978,5046,5055,5127,5222,5252
140:345
165:176,179,323,398,401
51:278,281,576,637,706,731
24:192,195,382
174:212,215,319,322
134:798,802,1476
39:133,136
157:287
11:183,186,211,214,418
167:554
171:506,750,895
141:207,210,404,429,581,777
132:701
33:200,313
161:228,235
163:154,161,218,222,232,259,322
42:270
17:199
200:213
28:305,308,317,596
12:242,245,450
76:153
26:343
183:144,374,484,730,764,888,962,989,1078,1098,1110,1136,1233,1481,1490,1551,1577,1615,1640,1661,1734,1747,1760,1838,2116,2315,2414,2447,2616,2723,2792,2794,2807,2861,2874,2901,2997,3007,3011,3022,3046,3070,3147,3187,3197,3231,3325,3337,3341,3362,3394,3429,3442,3446,3454,3461,3520,3549,3567,3607,3678,3688,3693,3695,3701,3729,3739,3743,3811,3820,3891,3986
192:423,448,600,796
170:184,187
195:664
129:494
189:1386,1437,1509,1533,1601,1666,1752,2358,2553,3151,3202,3274,3298,3366,3431,3517
59:152,155
153:157,160
30:282,537
45:139
56:318,903,1471,1522,1530,1550,1649
156:311
52:167,170
40:386
60:260
62:152,255,701,762,835,860,917
37:194,758,793,804,819,885,956,1100,1263,1368,1851,1874
15:203,206,685
149:641,664,778,826,838,853,905,971,989,1003,1008,1017
180:157,172,553
181:161
34:410,504,632
136:162,165
188:495,513,631
21:186
148:222
$
ak
159:372,404,437,452,584
71:280,313,324,355,385,393,402,412
185:459,502,693,706,715,897,972,1225,1235,1271,1281,1321,1331,1358,1384,1652,1672,1678,1805,2284,2977,3059,3568,3672,3685,3725,3800,3931,3959,4067,4113,4136,4216,4304,4513,4536,4599,5049,5058,5105,5184
68:641,650,697,739,771,794,817,888,1006,1029,1037,1046,1054
160:354
72:278,311,322,353,383,391,400,410
77:377,416,431,473,588,608
184:473,516,710,723,732,919,994,1249,1259,1295,1305,1345,1355,1382,1408,1736,1818,2331,2436,2449,2489,2565,2699,2728,2836,2883,2906,2986,3076,3290,3313,3377,3831,3840,3887,3968
36:488,527,542,584,698,718
131:257,295,308,324
32:300,355,364
130:283,335,345
175:628
186:293,326,359,370
158:301,320
162:351,391,423,434,478,527,550,582,623,732,740,762,809,817
143:300,343,375,389,488,511,544,581,616,660,776,787,809,855,863
69:292,331,346,388,503,523
16:462,515,565,574,582
4:324,363,378,420,534,554
166:9772,9799
150:673
197:269,323,333
67:279,338,451,509,593,629
29:423
142:307,340,368,410
164:1096,1127,1167,1174,1238,1267,1302,1326,1414,1546,1553,1775,1804,1826,2024,2052,2109,2280
13:367,400,411,442,471,479,488
46:270,303,331,373
144:362,402,429,473,521,544,579,619,729,737,759,802,810
199:489,749
43:274,328,338
9:304,358,368
58:259,297,310,326
27:299,353,363
187:247,257,292,352
179:193,504,898,909,974,984,1034,1057,1146,1246,1348,1576,1766,1840,1847,1923,1992,2054,2072,2194,2259,2283,2360,2631,2709,2786,2796,2832,2842,2882,2892,2918,2944,3082,3195,3640,3768,3893,3906,3946,4174,4219,4242,4317,4408,4514,4537,4601,5055,5064,5112,5193,5219,5265,5277,5283,5304,5330
61:313
75:292,325,336,367,397,405,414,424
49:266,291,320,352
73:277,331,341
63:93,117
74:363,417,427
155:149,170
23:266
6:658,697,712,754,868,888
48:276,311,341,393,435
178:203,514,908,919,984,994,1044,1067,1156,1256,1358,1586,1776,1850,1857,1933,2002,2064,2082,2204,2269,2293,2370,2641,2719,2796,2806,2842,2852,2892,2902,2928,2954,3092,3205,3650,3778,3903,3916,3956,4184,4229,4252,4327,4418,4524,4547,4611,5065,5074,5122,5203,5229,5275,5287,5293,5314,5340
140:313,332
190:730
51:498,511,537,628,698,707
24:319,373,383
174:344,358,433
134:2526
8:124,596
39:269,304,334,385,427
157:255,274
11:355,409,419
167:354,394,426,437,514,537,572,613,723,731,755,763
171:394,440,496,527,618,742,751,826,886
139:235
141:396,405,452,494,527,550,573,646,765,789,797,806,814
132:529,631,645,672,726,758,775,784,792
33:56,86,133,163,190,271,295
50:238,271,299,341
161:199,217,245,250,340
163:126,143,212,223,244,285
42:218
17:189,238
28:485,521,552,580
35:191
64:362,401,416,458,573,593
12:387,441,451
20:493
26:333,409
70:584,617,628,659,689,697,706,716
65:264,303,318,360,475,495
194:347
183:472,515,709,722,731,918,993,1248,1258,1294,1304,1344,1354,1381,1407,1735,1817,2330,2435,2448,2488,2564,2698,2727,2835,2882,2905,2985,3075,3289,3312,3376,3830,3839,3886,3967
192:415,424,471,513,546,569,592,665,784,808,816,825,833
170:328,361,394,405
195:550
129:431,485,495
189:614,3025
59:328,362,396,407,449,466
153:342
30:474,528,538
45:129
10:243,282,297,339,454,474
56:516,776,1099,1312,1396,1587,1605,1635,1755
25:129
156:280,301,382,402
52:337,376,391,433,547,567,630,669,684,726,840,860
133:236
2:295,348,396,405,413
40:323,377,387
66:342,381,396,438,552,572
31:444,483,498,540,654,674
60:252,290,303,319
62:623,636,662,753,827,836
37:107,191,203,275,473,740,779,787,794,881,886,906,950,957,982,1011,1177,1705,1727,1857,1906
55:634
15:366,423,454,471,523,638,660,707,715
18:384
149:671,743,999
180:467
181:151,184
3:485,538,588,597,605
34:257,301,333,376,399,432,469,584,606,655,663,672,680
136:290,315,344,376
188:276,335,448,506,590,626
21:145,166
148:199
$
aj
159:435,488,520
71:244,311,391
185:259,1528,1613,1940,1944,1956,2195,2253,2258,2322,2344,2454,2460,2875,2895,3128,3305,3632,3641,3658,3715,3835,4450,4473,4612,4647,4681,4738,5142
68:620,637,670,704,769,946,1035
72:242,309,389
77:140,345,531
184:272,1633,1653,1888,2067,2396,2405,2422,2479,2601,3227,3250,3390,3425,3459,3516,3926
36:457,641
131:276
130:71,263
186:257,300,357
162:309,358,421,672,815
143:118,258,307,373,542,713,861
69:260,446
16:118,401,444
4:292,477
166:135,258
150:244,334
197:74,249
67:234,264,482
142:279,314
164:1294,1315,1323,1480,1818,1905,2063,2246
13:326,398,477
46:242,277
144:321,369,669,808
43:254
9:284
58:278
27:279
179:1500,1523,1893,2308,2529,2549,3059,3073,3240,3461,3552,3833,3936,4012,4105,4126,4614,4649,4683,4739,5151
75:256,323,403
49:251,350,378
73:225,257
74:311,343
1:418
23:257
6:627,811
48:248,283,485
169:528
178:1510,1533,1903,2318,2539,2559,3069,3083,3250,3471,3562,3843,3946,4022,4115,4136,4624,4659,4693,4749,5161
172:488
51:518,611,619,658,727,747
24:299
57:242,247,252
134:177,256,323,387,752,821,876,1068,1415,1425
8:400
39:241,276,477
11:303,335
167:312,361,424,663,761
171:385,431,502,536,663,794,869,877
141:375,392,425,459,525,705,795
182:230
132:483,536,551,573,756
50:211,245
42:244
28:492
35:142
64:330,516
12:335,367
26:339
70:288,548,615,695
65:232,418
194:106
183:271,1632,1652,1887,2066,2395,2404,2421,2478,2600,3226,3249,3389,3424,3458,3515,3925
192:394,411,444,478,544,724,814
170:292,335,392
195:206,691
38:806
129:146,246,411
189:757,2855
59:290,335,394,527
153:240
30:454
10:211,397
56:382,421,492,522,549,1080,1097,1113,1543
52:305,490,598,783
133:116
2:277
40:303
66:310,495
31:412,597
60:271
62:571,643,736,744,783,856,891,911
37:293,726,734,777,874,1073,1086,1366,1648,1844
55:394,640
15:338,373,452,579,713
53:189,561
149:413,425
3:238,467
34:103,331,430,524,661
136:275,374,402
188:231,261,479
$
až
159:470,542
185:105,106
68:906,968
160:331
77:492,553
184:117,118
36:603,663
32:335
54:179,203
186:431
162:599,694
143:633,735
69:407,468
16:532
4:439,499
166:9617
150:683
197:151
67:387,425
29:402
164:1358,2265
144:596,691
9:74
179:1606,3877,3878,4050,4051,4077
61:290
49:400
6:773,833
48:409,496
178:1616,3887,3888,4060,4061,4087
190:175
51:508
57:100
134:1357,2371
39:401,488
167:589,685
171:628
141:664,727
132:109,595
163:196
42:228
35:201
64:477,538
20:470
26:419
65:379,440
194:325
183:116,117
192:683,746
170:463
47:72
189:2366,2561,2878
59:485,549
153:327
10:358,419
52:452,512,745,805
133:89,246
2:365
66:457,517
31:559,619
62:633
37:848,1837
15:539,601
18:363
149:917
180:116,310
3:249,555
34:487,546
136:424
188:138,384,422
$
ala
71:134
$
akéhokoľvek
71:218
162:259
16:179,241,408
67:241
75:227
73:232
74:318
48:218
39:209
11:310
171:463
28:404
12:342
194:113
195:331
59:259
62:150
188:238
$
ani
71:350
185:1708,2412,3176,3922,3972,4604,4632,4997
68:851,856
72:348
77:459,464
184:1937,2690,2741,3382,3410,3779
36:570,575
131:350
186:400,405
162:464,469
143:419,424
69:374,379
4:406,411
67:307
142:396,401
13:437
46:359,364
144:459,464
58:352
179:2265,4606,4634,5003
75:362
6:740,745
48:369,374
169:540,610
178:2275,4616,4644,5013
190:834
165:309,419
134:2630
39:361,366
167:467
141:607,612
50:327,332
163:248,289
64:444,449
70:654
65:346,351
183:1936,2689,2740,3381,3409,3778
192:626,631
170:434,438
38:845
189:3611
59:435,440
10:325,330
56:398
52:419,424,712,717
66:424,429
31:526,531
60:345
15:499,504
53:611
188:304
$
ao
185:112,422,991,3246
184:124,436,1015,2007
164:1918
179:130,339,721,807
178:140,349,731,817
24:167
132:183
183:123,435,1014,2006
195:225
189:2239,2710
56:65,123,648,1265
37:416
15:301
149:271
$
adrese
185:130,1841
184:142
32:68
1:194
167:96
70:79
183:141
$
avzory
185:223
$
akom
185:306,1082,3217,3462,3763,4004
184:320,1106,1978,2224,2528,2773
164:2000
187:412
179:257,697,1427,3614,3985
178:267,707,1437,3624,3995
161:319
183:319,1105,1977,2223,2527,2772
56:1415
37:1817
149:614
$
aspoň
185:702,2592,4567
184:719,3345
164:1579
179:929,3282,4569
178:939,3292,4579
183:718,3344
$
aktuálnej
185:831,1518
184:851
179:731,1699
178:741,1709
183:850
$
aktuálneho
185:840,1842
184:860
179:740,1708
178:750,1718
183:859
$
aods
185:876,4065
184:896,2834
179:982,1066,1743,1845,1863,4098
178:992,1076,1753,1855,1873,4108
183:895,2833
$
avyzve
185:891
$
avyhlášky
185:977
$
aodborných
185:1146
184:1170
183:1169
$
akejkoľvek
185:1306
68:470
184:1330
179:2867
178:2877
183:1329
37:791
$
ale
185:1561,1943,1981,2016,2072,2094,2176,2222,2395,2525,2587,2708
143:557
166:219
134:385
70:130
189:2843
56:348
34:445
$
adresované
185:1756
13:336
$
adresu
185:1758,1766,1791,1901
38:493
$
adresy
185:1802
179:4029
178:4039
$
adresa
185:1812
39:44
10:53
52:64
66:56
55:55
21:42
$
av
185:2115
130:116
175:228,264,326,394,453,492,518
166:175,9761
199:471,731
1:144,200
190:709
134:2515
132:171
76:184
170:121
195:534
189:3015
56:448,732,1031
55:567
53:192
180:455
21:75
$
auto
185:2394,2532
166:779,3368
182:251
38:120,219,229,385
$
akýchkoľvek
185:2773
184:1530
179:2429
178:2439
183:1529
$
advokátom
185:2794
184:1551
175:93
179:1618,2450
178:1628,2460
183:1550
149:982,995
$
akceptovateľný
185:3012
184:1771
179:2666
178:2676
183:1770
$
aplikácii
185:3195
68:488
184:1956
70:447
183:1955
$
aorgánov
185:3369
184:2131
183:2130
$
aobchodného
185:3476,5168
184:2238,3952
179:3628,5177
178:3638,5187
183:2237,3951
$
avyhláseného
185:3947
$
alikvotná
185:4184
184:2954
179:1114,4285
178:1124,4295
183:2953
$
avznikli
185:4259
$
averiteľom
185:4539
$
avčas
185:4799,4809,4837
175:277,339,466,531
$
aspôsob
68:154
$
apríl
68:218
8:104
20:47
$
asi
68:221
172:89
167:78,119
141:156
192:127
47:145
56:223
$
asledoval
68:332
$
astyku
68:496
$
as
68:548
36:285
131:89
54:231,243,400,419
166:130,137,158,251,336,361,525,552,585,788,838,918,979,1155,1239,1260,1292,1321,1462,1493,1551,1563,1582,1637,1687,1727,1740,1745,1813,1838,1843,1857,1862,1980,2016,2027,2037,2047,2126,2137,2177,2228,2260,2334,2358,2383,2429,2715,2764,2820,2868,2933,2966,2993,3014,3032,3065,3120,3130,3137,3143,3152,3159,3183,3194,3626,3979,4362,4393,4467,4934,4988,5378,5427,5569,5644,5794,5801,5861,5874,5892,5902,6039,6100,6142,6160,6215,6255,6262,6270,6289,6301,6309,6316,6323,6331,6338,6382,6448,6543,6548,6570,6601,6909,7044,7288,7298,7304,7321,7330,7336,7349,7357,7402,7437,7549,7599,7610,7730,7886,7901,7908,7960,7987,8041,8108,8135,8148,8154,8166,8246,8297,8476,8482,8518,8541,8555,8666,8756,8824,8863,8868,8918,8924,9002,9008,9027,9192,9217,9237,9243,9252,9264,9334,9353
13:200,269
144:50
199:218
58:121
134:2016,2168
8:202,313,332
182:726
26:80,144,174,304
192:209
189:821,1327
173:134,157,206,229,278,301,351,374,423,446,496,518
2:117
55:96,127,156,182,209,278,319,406,449
149:192,226,263,306
$
asamosudca
68:752,927
36:622
144:615
6:792
$
al
72:133
75:137
49:148
70:373
136:173
$
aupark
77:72
$
augusta
77:190
166:1152,8253
$
aspotrebiteľské
36:183
$
alkohometrickým
36:423
$
agresívne
32:78
47:93
53:165
$
ambulantnou
32:247
6:563
171:490
47:298
53:413
180:255
$
andrej
54:16
166:3235,3243,3495
23:16
57:16
161:50
59:16
$
andrejom
54:37
59:42
$
allianz
54:416
$
alkoholických
130:66
4:71
49:75
74:91
48:56
24:69
174:86,173
39:63
11:105
12:78
20:350
59:108
52:81
53:138,392
136:113
$
avykonateľným
130:334
132:774
170:453
$
advokátskou
175:72
$
atr
186:191
$
aleja
162:76
$
analyzátora
162:116
$
anna
143:14
166:615,6114
$
annou
143:38
$
americká
69:62
134:1431
$
at
16:73
166:546,3059
189:567,1288
156:47
2:67
3:75
$
ato
16:454,504
166:774
189:2884
156:153,246
2:107,159,287,337
3:290,477,527
$
apríla
4:50
5:67
$
asaslovensko
166:316
$
atyp
166:341
$
autopríslušenstvo
166:354
$
aad
166:359
$
ab
166:366
$
abc
166:373
$
architektúry
166:385
$
abf
166:388
$
abtlač
166:393
$
adaxza
166:399
$
antona
166:402,4036
$
adm
166:405
$
adotelhex
166:410
$
adtsspol
166:416
$
advokátska
166:422,430,452
151:52
19:51
$
agromixx
166:439
$
air
166:444
$
akad
166:462,469
$
astrová
166:467
$
alas
166:482
$
alexa
166:488
$
alexis
166:494
$
alfema
166:500
$
alika
166:506
$
alkin
166:512
$
alkoma
166:518
$
alkonkošice
166:524
$
allesmont
166:529
$
alniko
166:535
$
alpine
166:542
26:134
$
alte
166:547
$
alumont
166:550,557
$
aluplast
166:563
$
alusteel
166:570
$
alvest
166:578
$
alzacz
166:584
$
alžbeta
166:591
$
amidesign
166:596
$
anader
166:604
$
ane
166:609
$
answer
166:622
$
antiradarynet
166:628
$
anton
166:635,641,3253,4398
$
autodoprava
166:637,4026,4901,8021,8883
$
ap
166:647
192:167
$
apropo
166:655
$
aproxinvest
166:661
$
aptelektro
166:668
$
aqua
166:674,682
$
arcadia
166:687
$
arctech
166:694
$
arisetc
166:699
$
artropo
166:705
$
arval
166:710
$
asek
166:717
$
askelet
166:723
$
askony
166:728
$
assa
166:735,746
$
abloy
166:736
$
atbm
166:754
$
atip
166:762
$
atiz
166:769
$
autocont
166:786
$
autokomponentkardan
166:792
$
automontžilina
166:797
$
autoprofit
166:802
$
autosklá
166:808
$
achát
166:809
$
autoves
166:815
$
avaps
166:822
$
ave
166:829
$
awt
166:835
$
az
166:842
187:414
172:202
171:171
182:191
26:140,323
149:616
$
autoservis
166:843,6528
$
andreja
166:857
23:42
57:42
8:317,336
30:242,430
$
areál
166:948,9174
58:129
$
andraščíkova
166:1534
$
advertising
166:1769
$
and
166:1778,6497
$
autodružstvo
166:1824
$
armády
166:1951,2901,7527
183:37,82
$
automotive
166:2185
$
autoagregaty
166:2503
$
autoelektrika
166:2504
$
agátová
166:3034
$
adriána
166:3227
$
autotrend
166:3517
$
autona
166:3992
$
af
166:4064
152:54
189:256
$
advokát
166:4076,4083,5197
179:2189
178:2199
161:52,70
$
alena
166:4093
$
aplikace
166:4652
$
avodné
166:4669
$
autodarex
166:4977
$
art
166:5188
$
altic
166:5335
$
alejová
166:5411
$
ac
166:5426
$
alfa
166:6308
12:88
$
abovská
166:6882
$
autostroj
166:6897
$
armat
166:6929
$
agentúra
166:6942
$
apollo
166:7323
$
archeologický
166:7379
$
akademická
166:7383
$
anny
166:7434
$
absolventov
166:7530
$
anastázia
166:7872
$
asa
166:8199
$
avíz
166:8319
$
adyho
166:8359
$
alžbetavarmužová
166:8702
$
anet
166:8703
$
autocentrum
166:8748
$
autolimt
166:8911
$
akciová
166:9276
$
avynesie
166:9782
199:499,759
190:740
134:2536
195:560
189:3034
180:476
$
aplikácie
150:577
$
alexandra
168:14
$
alexandrou
168:32
$
alkoholom
29:110
$
aotca
164:54
56:567
$
ay
164:126,138,977,1679
171:40
$
aosvojenie
164:147
$
aktuálnym
164:990
$
aktualizáciu
164:1035
$
akého
164:1229
$
aplikuje
164:1448
$
aplikoval
164:1528
$
absolvovali
164:1732
$
adoptívnymi
164:1754
$
akých
164:2005
187:415
161:324
56:1420
37:1800
149:617
$
axe
46:71
$
amg
144:111
$
avyhlasuje
199:79
$
asúčasne
199:531,791
$
amazon
58:68,143
$
amazonskej
58:74
$
avšak
58:131
155:207
182:139
132:514
156:359
37:1525
55:539
$
aspôsobil
58:161
38:559
$
advokácii
179:2146
178:2156
$
alobalom
61:116
$
antónia
63:15
$
antóniou
63:34
$
ad
63:49,54
$
albína
23:46
$
ai
6:51
33:75
37:1629,1675
$
aaj
6:252
$
asvojho
6:324
$
avyhrážal
190:287
$
azdravie
172:158
$
au
172:249
$
aw
172:261
3:269
$
alkoholuv
165:102
$
aosoby
24:289
132:562
15:566
$
absolventom
134:446
$
adolfom
134:570
$
adolfa
134:592
$
aki
134:601
$
avlajka
134:843
$
arab
134:860
$
arabskí
134:879
$
antisemitská
134:1018
$
akúkoľvek
134:1035
180:150,546
$
aktívne
134:1069
$
avýpravy
134:1107
$
abecede
134:1154
$
arbeiterpartei
134:1219
$
albumu
134:1620,1924
$
averejne
134:1755,2616
$
associations
134:2044
$
association
134:2061
$
avytvorenie
134:2280
$
adreja
8:206
$
aktorým
8:272
$
akm
167:281
$
auta
171:135
$
azástupcu
171:540
$
alkoholické
141:163
$
azaparkované
182:156
$
autá
182:157
$
audi
182:252,320
31:97
$
autazn
182:302
$
aznovu
182:309
$
autokamerazn
182:409
$
adata
182:433
$
autom
132:166
38:476
$
avedomia
132:191
$
aobvinený
132:798
15:738
$
akonanie
33:159
$
akuagro
161:43
$
aké
42:265
56:352
$
antal
200:16
$
analyzátorom
28:192
12:168
$
absenciu
28:589
$
ah
35:39
56:93
18:41
$
alverde
64:127
$
advokátkou
151:69
$
an
76:57
156:86
$
anásledne
76:79
$
aqq
19:78
$
agromold
26:79,143,173,303
$
akútne
70:322
$
adapter
192:151
$
aax
192:158
$
adven
192:160
$
avýmerou
170:436
$
analogiam
47:252
$
avýsledky
195:649
$
autobazáru
38:119,218,384
$
areálu
38:136,148,201,401,412,478
$
aslovenskej
38:530
$
atreste
189:68,2662,2709,2734,2863,2892,3002,3033,3063,3076
$
aak
189:183
$
absolvoval
189:212
$
absolvovaní
189:435
37:546
$
aplatok
189:785
$
akú
189:901
$
ataký
189:1345,1371,1422,1494,1586,1651,1737,1811,3110,3136,3187,3259,3351,3416,3502,3576
3:324
$
atakýto
189:1396,1447,1519,1543,1611,1676,1762,3161,3212,3284,3308,3376,3441,3527
$
aobv
189:2744
$
avýšku
189:2833
$
alcotest
153:106
$
arfm
153:109
$
akýkoľvek
153:245
56:378
$
alburnus
30:223,224
$
advokátka
173:63
$
avýchovy
56:279
$
aočakávaniaod
56:356
$
aostatné
56:745
$
aod
56:793
$
akej
56:1032
$
avyžiadanými
56:1166
$
ax
2:164
$
asamosudcatrestné
2:384
$
aotec
37:54
$
adaptácia
37:329
$
abstinenčného
37:358,1528
$
aosobné
37:397
$
aoslovení
37:469
$
aohrozenie
37:1112
$
adaptáciou
37:1510
$
apgarovej
37:1512
$
aodovzdala
37:1676
$
avýpis
55:398
$
autobusovej
15:97
$
agresie
53:169
$
azainteresovanej
149:454
$
aspisová
149:587
$
autorizácie
149:654
$
autorizované
149:668
$
atrikrát
3:248
$
adriana
34:14
$
adrianou
34:37
